    0.5833
    0.4812
    0.4531
    0.4409
    0.3934
    0.3903
    0.3662
    0.3858
    0.3865
    0.4460
    0.3727
    0.3717
    0.3536
    0.4159
    0.3594
    0.3588
    0.3719
    0.3311
    0.4022
    0.3664
    0.3519
    0.3866
    0.3567
    0.3345
    0.3282
    0.3380
    0.3458
    0.3584
    0.3948
    0.3405
    0.3645
    0.3780
    0.3350
    0.3564
    0.3671
    0.3190
    0.3532
    0.3263
    0.3311
    0.3283
    0.3480
    0.3394
    0.3656
    0.3464
    0.3598
    0.3688
    0.3245
    0.3420
    0.3487
    0.3239
    0.3189
    0.3500
    0.3223
    0.3450
    0.4208
    0.3404
    0.3190
    0.3370
    0.3243
    0.3154
    0.3320
    0.3323
    0.3288
    0.3466
    0.3139
    0.3258
    0.3192
    0.3431
    0.3205
    0.3253
    0.3210
    0.3338
    0.3251
    0.3599
    0.3412
    0.3141
    0.3011
    0.3447
    0.3079
    0.3212
    0.3241
    0.3114
    0.3530
    0.3338
    0.3105
    0.3649
    0.3741
    0.3330
    0.3108
    0.3325
    0.3266
    0.3274
    0.3237
    0.2973
    0.3188
    0.3368
    0.3076
    0.3114
    0.3167
    0.3034
    0.3213
    0.3301
    0.3143
    0.3463
    0.3218
    0.3573
    0.3305
    0.3150
    0.3302
    0.3217
    0.3185
    0.3166
    0.3362
    0.2933
    0.3085
    0.3171
    0.3036
    0.3110
    0.3357
    0.3094
    0.3439
    0.3425
    0.3025
    0.3161
    0.3320
    0.3153
    0.3782
    0.3285
    0.3035
    0.3722
    0.3135
    0.3137
    0.3211
    0.3133
    0.2966
    0.3239
    0.2940
    0.3322
    0.3576
    0.3066
    0.3119
    0.3286
    0.3054
    0.3373
    0.3310
    0.3109
    0.3228
    0.3814
    0.3103
    0.3253
    0.3306
    0.3142
    0.3350
    0.3260
    0.3118
    0.3251
    0.3268
    0.3372
    0.3045
    0.3200
    0.2952
    0.3201
    0.2977
    0.3004
    0.3530
    0.3098
    0.3077
    0.3485
    0.2975
    0.3248
    0.3023
    0.2982
    0.3183
    0.3432
    0.2954
    0.3428
    0.3287
    0.3284
    0.3609
    0.3301
    0.2957
    0.3156
    0.3415
    0.3225
    0.2979
    0.3125
    0.2926
    0.3370
    0.3129
    0.3006
    0.3470
    0.3160
    0.3400
    0.3237
    0.3009
    0.3019
    0.3209
    0.3165
    0.3039
    0.3342
    0.2993
    0.3146
    0.3251
    0.2966
    0.3235
    0.3363
    0.3354
    0.3093
    0.3499
    0.2880
    0.3035
    0.3335
    0.3044
    0.3228
    0.3083
    0.2998
    0.3273
    0.3034
    0.2915
    0.3131
    0.3022
    0.3170
    0.3161
    0.3118
    0.3447
    0.3610
    0.2996
    0.3186
    0.3041
    0.3029
    0.3075
    0.3318
    0.3202
    0.3160
    0.3689
    0.2978
    0.3320
    0.3500
    0.3158
    0.3366
    0.3086
    0.2886
    0.3698
    0.3074
    0.3580
    0.3589
    0.3042
    0.3196
    0.3363
    0.3086
    0.3263
    0.3428
    0.2916
    0.3433
    0.3519
    0.3033
    0.3023
    0.3438
    0.3122
    0.3277
    0.3298
    0.3018
    0.2919
    0.3162
    0.2965
    0.3408
    0.3317
    0.2906
    0.3394
    0.3134
    0.3037
    0.3087
    0.3184
    0.3326
    0.3038
    0.3030
    0.2975
    0.3368
    0.3149
    0.3622
    0.3485
    0.3126
    0.3033
    0.3483
    0.3011
    0.3024
    0.3351
    0.2986
    0.2943
    0.3166
    0.3152
    0.2949
    0.3457
    0.3021
    0.3295
    0.3681
    0.2914
    0.3045
    0.3170
    0.3067
    0.3430
    0.2975
    0.2908
    0.3734
    0.2977
    0.3133
    0.3260
    0.2985
    0.2972
    0.3397
    0.3028
    0.2999
    0.3031
    0.2892
    0.2996
    0.3373
    0.3018
    0.3116
    0.3143
    0.2997
    0.3167
    0.3438
    0.2925
    0.3131
    0.3316
    0.3044
    0.3122
    0.3260
    0.3076
    0.3114
    0.3099
    0.3088
    0.3383
    0.3085
    0.3051
    0.3109
    0.2935
    0.3129
    0.3279
    0.3026
    0.2927
    0.3557
    0.2991
    0.2898
    0.3080
    0.3058
    0.3081
    0.3410
    0.3085
    0.3587
    0.3449
    0.2867
    0.3080
    0.3163
    0.2946
    0.3021
    0.3146
    0.3200
    0.3651
    0.2995
    0.2985
    0.3190
    0.2915
    0.3047
    0.2976
    0.2945
    0.2989
    0.3047
    0.2955
    0.3206
    0.3605
    0.2916
    0.3095
    0.2969
    0.3061
    0.2963
    0.3624
    0.2864
    0.3269
    0.3501
    0.2883
    0.3072
    0.3451
    0.2963
    0.2993
    0.3069
    0.2957
    0.3565
    0.3082
    0.3013
    0.3207
    0.3041
    0.3246
    0.3209
    0.3027
    0.2988
    0.3177
    0.3013
    0.2902
    0.3217
    0.3057
    0.3066
    0.3118
    0.3011
    0.3250
    0.3454
    0.3029
    0.3043
    0.3246
    0.2902
    0.3128
    0.2981
    0.2984
    0.3036
    0.3275
    0.2832
    0.3237
    0.3033
    0.2994
    0.3142
    0.2984
    0.3065
    0.3244
    0.2890
    0.2952
    0.3187
    0.2817
    0.3029
    0.2994
    0.2824
    0.2867
    0.3123
    0.2893
    0.3213
    0.3206
    0.2930
    0.3189
    0.3408
    0.2989
    0.3127
    0.3086
    0.2875
    0.3036
    0.3199
    0.2972
    0.3199
    0.3006
    0.2902
    0.3252
    0.2992
    0.2889
    0.3085
    0.2897
    0.2894
    0.3362
    0.3221
    0.2928
    0.3095
    0.2926
    0.3384
    0.3193
    0.3138
    0.3034
    0.3438
    0.2940
    0.3270
    0.3087
    0.3111
    0.3268
    0.3331
    0.3046
    0.3127
    0.3068
    0.2864
    0.3138
    0.3046
    0.3053
    0.3555
    0.2983
    0.2925
    0.3282
    0.3020
    0.2942
    0.3297
    0.2969
    0.3086
    0.3212
    0.2908
    0.3077
    0.3067
    0.2899
    0.3061
    0.3408
    0.3000
    0.2916
    0.3297
    0.2962
    0.2980
    0.3066
    0.3161
    0.3445
    0.3313
    0.3020
    0.3012
    0.3239
    0.3030
    0.3079
    0.3047
    0.2972
    0.3161
    0.3019
    0.3061
    0.3104
    0.2981
    0.3096
    0.3301
    0.3071
    0.3045
    0.3050
    0.2803
    0.3290
    0.3236
    0.2851
    0.3050
    0.3633
    0.3020
    0.2978
    0.3524
    0.3094
    0.2962
    0.2994
    0.3009
    0.3034
    0.3187
    0.2908
    0.3335
    0.2947
    0.2790
    0.3062
    0.2967
    0.2873
    0.3613
    0.3001
    0.3125
    0.3248
    0.3092
    0.2886
    0.3190
    0.3045
    0.4012
    0.3224
    0.3071
    0.2909
    0.3238
    0.2910
    0.3000
    0.3422
    0.2926
    0.3547
    0.3247
    0.3154
    0.3088
    0.3040
    0.3007
    0.3313
    0.2980
    0.2986
    0.3035
    0.2987
    0.2883
    0.3682
    0.3050
    0.2816
    0.3274
    0.2887
    0.2998
    0.3279
    0.2969
    0.3144
    0.3430
    0.3132
    0.2905
    0.3542
    0.2947
    0.3052
    0.3591
    0.3020
    0.3065
    0.3144
    0.3000
    0.2864
    0.3042
    0.3186
    0.3204
    0.3161
    0.2827
    0.3213
    0.2966
    0.3036
    0.3226
    0.2906
    0.2885
    0.3047
    0.2899
    0.2895
    0.3230
    0.2818
    0.2969
    0.2973
    0.2888
    0.2993
    0.3611
    0.2836
    0.2957
    0.3067
    0.2898
    0.3252
    0.3012
    0.2845
    0.3273
    0.3041
    0.3031
    0.3215
    0.3067
    0.3084
    0.3426
    0.2923
    0.3501
    0.3166
    0.2826
    0.3074
    0.3227
    0.2994
    0.2980
    0.3446
    0.2970
    0.2958
    0.3268
    0.2954
    0.3030
    0.3390
    0.3080
    0.3269
    0.3146
    0.3385
    0.2809
    0.3384
    0.2877
    0.3086
    0.3058
    0.3444
    0.3307
    0.2989
    0.3090
    0.3028
    0.2908
    0.3039
    0.3318
    0.2947
    0.2898
    0.2952
    0.2817
    0.2947
    0.3195
    0.2844
    0.3356
    0.3486
    0.2947
    0.3155
    0.3726
    0.2952
    0.3157
    0.3191
    0.3024
    0.3074
    0.3051
    0.2937
    0.3091
    0.3113
    0.2883
    0.2978
    0.2986
    0.2870
    0.3035
    0.2986
    0.3212
    0.3198
    0.3094
    0.2905
    0.3295
    0.2890
    0.3021
    0.3748
    0.2871
    0.2897
    0.3283
    0.3017
    0.3163
    0.3236
    0.2997
    0.2818
    0.3118
    0.2974
    0.2925
    0.3423
    0.2889
    0.3098
    0.2897
    0.2910
    0.3097
    0.2956
    0.2876
    0.3904
    0.3136
    0.3343
    0.3290
    0.2906
    0.3120
    0.3217
    0.2914
    0.2808
    0.3740
    0.2937
    0.3078
    0.3213
    0.2970
    0.2972
    0.3473
    0.3004
    0.3277
    0.3166
    0.2888
    0.2947
    0.2941
    0.2827
    0.3078
    0.3119
    0.3229
    0.2995
    0.3039
    0.3042
    0.3394
    0.3056
    0.2817
    0.3477
    0.3054
    0.2984
    0.3064
    0.2905
    0.2973
    0.3011
    0.2897
    0.2835
    0.3086
    0.2930
    0.3074
    0.3327
    0.2870
    0.3149
    0.3132
    0.2980
    0.3037
    0.2983
    0.2900
    0.3017
    0.3070
    0.3050
    0.2980
    0.2889
    0.2909
    0.3172
    0.2926
    0.3038
    0.2939
    0.2964
    0.2900
    0.3226
    0.2901
    0.3033
    0.3332
    0.3172
    0.2932
    0.3001
    0.2923
    0.2922
    0.3767
    0.3075
    0.2894
    0.3130
    0.2742
    0.2961
    0.3154
    0.2873
    0.3306
    0.3016
    0.2954
    0.3180
    0.3099
    0.2880
    0.2867
    0.2829
    0.3056
    0.3499
    0.2853
    0.2924
    0.3490
    0.2994
    0.2880
    0.3255
    0.2909
    0.3043
    0.2856
    0.2814
    0.3075
    0.3017
    0.2905
    0.3068
    0.3051
    0.2947
    0.3004
    0.3086
    0.3229
    0.2944
    0.3040
    0.2924
    0.3056
    0.2954
    0.2895
    0.3313
    0.2893
    0.2869
    0.3038
    0.2805
    0.2863
    0.3266
    0.3043
    0.2868
    0.3260
    0.2854
    0.2896
    0.3415
    0.2771
    0.2848
    0.3022
    0.3178
    0.3138
    0.3338
    0.2981
    0.3190
    0.3132
    0.3358
    0.3347
    0.3203
    0.3065
    0.2972
    0.2975
    0.2823
    0.3040
    0.2800
    0.2950
    0.3861
    0.3179
    0.2925
    0.3267
    0.2942
    0.2875
    0.3153
    0.2906
    0.2801
    0.3579
    0.2838
    0.3114
    0.3379
    0.2845
    0.3161
    0.3152
    0.2858
    0.2918
    0.3042
    0.3273
    0.3280
    0.3009
    0.2908
    0.2837
    0.2939
    0.2951
    0.3095
    0.3015
    0.3087
    0.3054
    0.2825
    0.2999
    0.3267
    0.2890
    0.2900
    0.2965
    0.2932
    0.3089
    0.3243
    0.2974
    0.2903
    0.3193
    0.2776
    0.3052
    0.3020
    0.3086
    0.3134
    0.3123
    0.2999
    0.3165
    0.2942
    0.3003
    0.3161
    0.3171
    0.2874
    0.3549
    0.2840
    0.2832
    0.3276
    0.3025
    0.2756
    0.3107
    0.2821
    0.3090
    0.3154
    0.2855
    0.2923
    0.3168
    0.3087
    0.3068
    0.3196
    0.2827
    0.3127
    0.3187
    0.3046
    0.3129
    0.3040
    0.3085
    0.3123
    0.2957
    0.2751
    0.2934
    0.3023
    0.2845
    0.3128
    0.2989
    0.3089
    0.3206
    0.3181
    0.2926
    0.3583
    0.3051
    0.3037
    0.3138
    0.2928
    0.3170
    0.3350
    0.2872
    0.3273
    0.3076
    0.2844
    0.3031
    0.3266
    0.2943
    0.3223
    0.2992
    0.3084
    0.2893
    0.3016
    0.2874
    0.3169
    0.2982
    0.2753
    0.3192
    0.2972
    0.3031
    0.3075
    0.3014
    0.2977
    0.3041
    0.3019
    0.3229
    0.3081
    0.2929
    0.3259
    0.3253
    0.3166
    0.2940
    0.3200
    0.2839
    0.3291
    0.3188
    0.2958
    0.3048
    0.3001
    0.2963
    0.3013
    0.2953
    0.3037
    0.3177
    0.2898
    0.2966
    0.2987
    0.2995
    0.3040
    0.3218
    0.2986
    0.2808
    0.3080
    0.2918
    0.3090
    0.3081
    0.2959
    0.3079
    0.3578
    0.2924
    0.3305
    0.3353
    0.3082
    0.2867
    0.3172
    0.2868
    0.2905
    0.2994
    0.2780
    0.2965
    0.3026
    0.3036
    0.3693
    0.3004
    0.2995
    0.3208
    0.2892
    0.3197
    0.3012
    0.2989
    0.2959
    0.2929
    0.2801
    0.3029
    0.3413
    0.2872
    0.3033
    0.3437
    0.3067
    0.2945
    0.3302
    0.2941
    0.2843
    0.2979
    0.3271
    0.3339
    0.3151
    0.2934
    0.3036
    0.3037
    0.2855
    0.3188
    0.2989
    0.2962
    0.3199
    0.2909
    0.3039
    0.3055
    0.2841
    0.2976
    0.3708
    0.2974
    0.2983
    0.3261
    0.2780
    0.2932
    0.2932
    0.2852
    0.2871
    0.3351
    0.2844
    0.2971
    0.3018
    0.2963
    0.2837
    0.3096
    0.2914
    0.3275
    0.2950
    0.2967
    0.3121
    0.2972
    0.3018
    0.3115
    0.3132
    0.2854
    0.2981
    0.2876
    0.3034
    0.3132
    0.2938
    0.3165
    0.3197
    0.2888
    0.2936
    0.3442
    0.3133
    0.2976
    0.3406
    0.3005
    0.2979
    0.2983
    0.2905
    0.2933
    0.3014
    0.2958
    0.2993
    0.3004
    0.2827
    0.3092
    0.2920
    0.2929
    0.3382
    0.2940
    0.2879
    0.3176
    0.3013
    0.2885
    0.3105
    0.2890
    0.3142
    0.3230
    0.2924
    0.3129
    0.3262
    0.2867
    0.3055
    0.3159
    0.2875
    0.3056
    0.3275
    0.2959
    0.3333
    0.3106
    0.2900
    0.3044
    0.3046
    0.3024
    0.3148
    0.3003
    0.2895
    0.3040
    0.2844
    0.2951
    0.3239
    0.2921
    0.2865
    0.3057
    0.2993
    0.2935
    0.3213
    0.2907
    0.3204
    0.3378
    0.2988
    0.3672
    0.3533
    0.2939
    0.3055
    0.3268
    0.3024
    0.3174
    0.3111
    0.2863
    0.2959
    0.3033
