    0.8678
    0.5230
    0.4478
    0.4104
    0.4148
    0.4131
    0.3961
    0.3676
    0.3621
    0.4616
    0.3511
    0.3549
    0.3427
    0.3479
    0.3425
    0.3459
    0.3376
    0.3424
    0.3397
    0.3345
    0.3273
    0.3294
    0.3283
    0.3217
    0.3182
    0.3322
    0.3315
    0.3297
    0.3196
    0.3161
    0.3135
    0.3235
    0.3216
    0.3329
    0.3100
    0.3195
    0.3277
    0.3090
    0.3148
    0.3009
    0.3054
    0.3061
    0.3047
    0.3071
    0.3215
    0.3028
    0.3011
    0.3029
    0.3031
    0.3017
    0.3028
    0.3064
    0.3082
    0.3051
    0.3188
    0.3107
    0.2949
    0.3179
    0.2923
    0.2933
    0.3081
    0.3119
    0.3091
    0.3140
    0.2957
    0.2956
    0.2923
    0.2891
    0.2954
    0.2930
    0.2984
    0.3010
    0.2989
    0.3002
    0.2891
    0.2901
    0.2877
    0.2982
    0.3030
    0.2875
    0.2913
    0.2994
    0.2881
    0.2863
    0.2854
    0.2852
    0.2819
    0.2835
    0.2911
    0.3082
    0.2891
    0.2880
    0.2805
    0.2818
    0.2960
    0.2926
    0.2918
    0.2909
    0.3205
    0.2871
    0.3019
    0.3016
    0.2866
    0.2860
    0.2970
    0.2949
    0.2890
    0.2879
    0.2890
    0.2970
    0.2805
    0.2899
    0.2783
    0.2968
    0.2807
    0.2841
    0.2873
    0.3071
    0.2904
    0.2779
    0.2801
    0.2954
    0.2826
    0.2802
    0.2880
    0.2856
    0.2874
    0.3055
    0.2828
    0.2819
    0.2820
    0.2898
    0.2759
    0.3050
    0.2887
    0.2910
    0.2846
    0.2736
    0.2817
    0.2767
    0.2752
    0.2826
    0.2832
    0.2939
    0.2871
    0.3000
    0.2779
    0.2849
    0.2758
    0.2892
    0.2730
    0.2795
    0.2882
    0.3026
    0.2787
    0.2878
    0.2822
    0.2755
    0.2810
    0.2901
    0.2882
    0.2780
    0.2861
    0.2799
    0.2756
    0.2766
    0.2826
    0.2757
    0.2798
    0.2802
    0.2914
    0.2787
    0.2853
    0.2744
    0.2709
    0.3021
    0.2784
    0.2876
    0.2950
    0.2820
    0.3000
    0.2847
    0.2716
    0.2741
    0.2765
    0.2748
    0.2739
    0.2724
    0.2855
    0.2834
    0.2834
    0.2751
    0.2723
    0.2783
    0.3036
    0.2764
    0.2955
    0.2723
    0.2824
    0.2736
    0.2739
    0.2799
    0.2788
    0.2755
    0.2825
    0.2890
    0.2789
    0.2748
    0.2835
    0.2832
    0.2791
    0.2744
    0.2704
    0.2778
    0.2702
    0.2767
    0.2785
    0.2825
    0.2692
    0.2808
    0.2777
    0.2782
    0.2804
    0.2714
    0.2801
    0.2782
    0.2784
    0.2692
    0.2680
    0.2752
    0.2923
    0.2728
    0.2741
    0.2750
    0.2687
    0.2708
    0.2715
    0.2820
    0.2717
    0.2690
    0.2694
    0.2675
    0.2686
    0.2785
    0.2786
    0.2659
    0.2688
    0.2679
    0.2878
    0.2719
    0.2730
    0.2759
    0.2765
    0.2726
    0.2666
    0.2797
    0.2802
    0.2687
    0.2637
    0.2712
    0.2848
    0.2938
    0.2794
    0.2752
    0.2657
    0.2755
    0.2661
    0.2738
    0.2894
    0.2844
    0.2742
    0.2668
    0.2700
    0.2636
    0.2652
    0.2795
    0.2856
    0.2686
    0.2820
    0.2633
    0.2704
    0.2713
    0.2626
    0.2649
    0.2718
    0.2664
    0.2648
    0.2779
    0.2801
    0.2827
    0.2682
    0.2724
    0.2638
    0.2790
    0.2771
    0.2658
    0.2752
    0.2775
    0.2633
    0.2700
    0.2632
    0.2662
    0.2727
    0.2664
    0.2708
    0.2805
    0.2810
    0.2762
    0.2705
    0.2688
    0.2640
    0.2704
    0.2725
    0.2753
    0.2698
    0.2621
    0.2745
    0.2701
    0.2710
    0.2629
    0.2612
    0.2632
    0.2774
    0.2959
    0.2893
    0.2691
    0.2664
    0.2650
    0.2708
    0.2752
    0.2667
    0.2729
    0.2808
    0.2733
    0.2669
    0.2706
    0.2648
    0.2693
    0.2628
    0.2647
    0.2958
    0.2721
    0.2679
    0.2717
    0.2638
    0.2690
    0.2682
    0.2635
    0.2647
    0.2690
    0.2714
    0.2798
    0.2717
    0.2686
    0.2660
    0.2636
    0.2772
    0.2687
    0.2683
    0.2729
    0.2821
    0.2768
    0.2677
    0.2599
    0.2727
    0.2702
    0.2694
    0.2661
    0.2707
    0.2733
    0.2645
    0.2602
    0.2671
    0.2646
    0.2791
    0.2688
    0.2713
    0.2699
    0.2751
    0.2631
    0.2611
    0.2623
    0.2718
    0.2627
    0.2677
    0.2808
    0.2790
    0.2889
    0.2753
    0.2663
    0.2619
    0.2637
    0.2669
    0.2652
    0.2745
    0.2716
    0.2717
    0.2707
    0.2634
    0.2617
    0.2675
    0.2642
    0.2597
    0.2642
    0.2772
    0.2606
    0.2721
    0.2695
    0.2622
    0.2590
    0.2656
    0.2595
    0.2703
    0.2760
    0.2880
    0.2757
    0.2682
    0.2640
    0.2758
    0.2600
    0.2617
    0.2695
    0.2840
    0.2759
    0.2761
    0.2598
    0.2625
    0.2647
    0.2584
    0.2663
    0.2750
    0.2662
    0.2668
    0.2613
    0.2621
    0.2629
    0.2600
    0.2752
    0.2611
    0.2636
    0.2742
    0.2822
    0.2601
    0.2705
    0.2595
    0.2573
    0.2600
    0.2688
    0.2671
    0.2715
    0.2725
    0.2641
    0.2621
    0.2691
    0.2651
    0.2647
    0.2611
    0.2636
    0.2836
    0.2880
    0.2616
    0.2601
    0.2597
    0.2590
    0.2618
    0.2631
    0.2655
    0.2796
    0.2553
    0.2678
    0.2572
    0.2594
    0.2586
    0.2597
    0.2802
    0.2977
    0.2638
    0.2836
    0.2598
    0.2683
    0.2596
    0.2621
    0.2691
    0.2620
    0.2736
    0.2719
    0.2684
    0.2751
    0.2736
    0.2619
    0.2583
    0.2566
    0.2613
    0.2678
    0.2621
    0.2674
    0.2720
    0.2695
    0.2605
    0.2595
    0.2570
    0.2626
    0.2678
    0.2730
    0.2549
    0.2646
    0.2591
    0.2572
    0.2574
    0.2571
    0.2617
    0.2655
    0.2655
    0.2696
    0.2653
    0.2563
    0.2571
    0.2710
    0.2554
    0.2636
    0.2659
    0.2644
    0.2736
    0.2756
    0.2650
    0.2608
    0.2609
    0.2604
    0.2613
    0.2602
    0.2831
    0.2651
    0.2596
    0.2563
    0.2577
    0.2641
    0.2721
    0.2591
    0.2605
    0.2681
    0.2710
    0.2721
    0.2709
    0.2563
    0.2783
    0.2581
    0.2553
    0.2676
    0.2583
    0.2568
    0.2636
    0.2668
    0.2577
    0.2569
    0.2810
    0.2633
    0.2623
    0.2615
    0.2772
    0.2617
    0.2658
    0.2611
    0.2579
    0.2577
    0.2623
    0.2561
    0.2612
    0.2678
    0.2611
    0.2675
    0.2568
    0.2632
    0.2669
    0.2572
    0.2554
    0.2764
    0.2625
    0.2695
    0.2593
    0.2585
    0.2566
    0.2665
    0.2797
    0.2723
    0.2690
    0.2848
    0.2691
    0.2603
    0.2580
    0.2640
    0.2557
    0.2554
    0.2590
    0.2630
    0.2539
    0.2618
    0.2570
    0.2549
    0.2548
    0.2658
    0.2645
    0.2692
    0.2858
    0.2633
    0.2565
    0.2611
    0.2530
    0.2542
    0.2586
    0.2538
    0.2622
    0.2802
    0.2609
    0.2523
    0.2556
    0.2555
    0.2567
    0.2680
    0.2618
    0.2697
    0.2818
    0.2769
    0.2597
    0.2594
    0.2614
    0.2612
    0.2620
    0.2569
    0.2558
    0.2646
    0.2675
    0.2532
    0.2593
    0.2658
    0.2591
    0.2562
    0.2571
    0.2647
    0.2622
    0.2607
    0.2604
    0.2565
    0.2703
    0.2606
    0.2744
    0.2582
    0.2636
    0.2597
    0.2830
    0.2743
    0.2651
    0.2558
    0.2559
    0.2533
    0.2592
    0.2594
    0.2642
    0.2660
    0.2593
    0.2656
    0.2548
    0.2547
    0.2594
    0.2599
    0.2600
    0.2613
    0.2562
    0.2600
    0.2540
    0.2560
    0.2646
    0.2583
    0.2628
    0.2551
    0.2633
    0.2630
    0.2607
    0.2621
    0.2583
    0.2605
    0.2559
    0.2599
    0.2647
    0.2673
    0.2579
    0.2644
    0.2610
    0.2612
    0.2688
    0.2638
    0.2606
    0.2605
    0.2708
    0.2670
    0.2592
    0.2539
    0.2626
    0.2568
    0.2562
    0.2584
    0.2617
    0.2596
    0.2592
    0.2664
    0.2578
    0.2597
    0.2542
    0.2528
    0.2637
    0.2653
    0.2726
    0.2611
    0.2593
    0.2616
    0.2551
    0.2523
    0.2595
    0.2575
    0.2808
    0.2675
    0.2609
    0.2621
    0.2622
    0.2621
    0.2569
    0.2572
    0.2571
    0.2586
    0.2580
    0.2716
    0.2659
    0.2549
    0.2542
    0.2561
    0.2643
    0.2636
    0.2714
    0.2649
    0.2913
    0.2629
    0.2550
    0.2561
    0.2584
    0.2541
    0.2554
    0.2753
    0.2908
    0.2562
    0.2685
    0.2572
    0.2604
    0.2520
    0.2603
    0.2580
    0.2569
    0.2662
    0.2605
    0.2540
    0.2597
    0.2589
    0.2557
    0.2604
    0.2655
    0.2556
    0.2701
    0.2618
    0.2553
    0.2553
    0.2537
    0.2534
    0.2567
    0.2600
    0.2576
    0.2590
    0.2744
    0.2551
    0.2521
    0.2622
    0.2538
    0.2595
    0.2607
    0.2704
    0.2684
    0.2612
    0.2553
    0.2582
    0.2541
    0.2522
    0.2625
    0.2561
    0.2583
    0.2574
    0.2618
    0.2622
    0.2572
    0.2533
    0.2594
    0.2560
    0.2577
    0.2570
    0.2655
    0.2615
    0.2632
    0.2538
    0.2543
    0.2547
    0.2563
    0.2529
    0.2684
    0.2584
    0.2649
    0.2613
    0.2527
    0.2515
    0.2596
    0.2544
    0.2613
    0.2594
    0.2632
    0.2737
    0.2623
    0.2561
    0.2587
    0.2555
    0.2542
    0.2544
    0.2577
    0.2784
    0.2904
    0.2567
    0.2531
    0.2576
    0.2527
    0.2686
    0.2535
    0.2502
    0.2598
    0.2608
    0.2569
    0.2516
    0.2525
    0.2543
    0.2586
    0.2613
    0.2559
    0.2572
    0.2860
    0.2620
    0.2550
    0.2581
    0.2524
    0.2662
    0.2609
    0.2606
    0.2653
    0.2635
    0.2645
    0.2546
    0.2544
    0.2523
    0.2608
    0.2667
    0.2672
    0.2632
    0.2602
    0.2516
    0.2524
    0.2584
    0.2492
    0.2596
    0.2557
    0.2539
    0.2616
    0.2532
    0.2561
    0.2539
    0.2519
    0.2575
    0.2538
    0.2542
    0.2593
    0.2593
    0.2559
    0.2567
    0.2490
    0.2486
    0.2489
    0.2581
    0.2550
    0.2494
    0.2538
    0.2770
    0.2561
    0.2604
    0.2579
    0.2543
    0.2516
    0.2544
    0.2591
    0.2894
    0.2574
    0.2593
    0.2544
    0.2596
    0.2576
    0.2510
    0.2666
    0.2552
    0.2626
    0.2764
    0.2528
    0.2546
    0.2575
    0.2534
    0.2522
    0.2646
    0.2539
    0.2611
    0.2593
    0.2623
    0.2609
    0.2567
    0.2527
    0.2540
    0.2585
    0.2751
    0.2533
    0.2475
    0.2548
    0.2566
    0.2628
    0.2520
    0.2526
    0.2575
    0.2678
    0.2580
    0.2622
    0.2620
    0.2540
    0.2496
    0.2491
    0.2612
    0.2777
    0.2628
    0.2586
    0.2856
    0.2567
    0.2504
    0.2502
    0.2604
    0.2557
    0.2538
    0.2596
    0.2556
    0.2562
    0.2547
    0.2573
    0.2584
    0.2523
    0.2659
    0.2664
    0.2693
    0.2697
    0.2560
    0.2608
    0.2568
    0.2540
    0.2697
    0.2514
    0.2501
    0.2516
    0.2587
    0.2581
    0.2504
    0.2537
    0.2535
    0.2500
    0.2587
    0.2589
    0.2666
    0.2567
    0.2565
    0.2546
    0.2525
    0.2502
    0.2530
    0.2534
    0.2636
    0.2531
    0.2546
    0.2520
    0.2552
    0.2595
    0.2511
    0.2539
    0.2565
    0.2544
    0.2532
    0.2830
    0.2568
    0.2558
    0.2534
    0.2610
    0.2535
    0.2512
    0.2547
    0.2641
    0.2543
    0.2576
    0.2542
    0.2509
    0.2464
    0.2481
    0.2647
    0.2504
    0.2551
    0.2624
    0.2593
    0.2580
    0.2595
    0.2567
    0.2492
    0.2465
    0.2494
    0.2667
    0.2491
    0.2804
    0.2533
    0.2505
    0.2520
    0.2516
    0.2537
    0.2661
    0.2576
    0.2522
    0.2789
    0.2690
    0.2559
    0.2502
    0.2540
    0.2575
    0.2586
    0.2574
    0.2608
    0.2558
    0.2555
    0.2575
    0.2544
    0.2543
    0.2571
    0.2561
    0.2613
    0.2617
    0.2544
    0.2570
    0.2625
    0.2569
    0.2512
    0.2514
    0.2647
    0.2533
    0.2628
    0.2640
    0.2572
    0.2572
    0.2535
    0.2511
    0.2544
    0.2550
    0.2508
    0.2578
    0.2565
    0.2629
    0.2517
    0.2530
    0.2699
    0.2554
    0.2603
    0.2513
    0.2509
    0.2535
    0.2560
    0.2660
    0.2498
    0.2589
    0.2545
    0.2490
    0.2641
    0.2568
    0.2663
    0.2506
    0.2526
    0.2512
    0.2521
    0.2530
    0.2547
    0.2532
    0.2626
    0.2691
    0.2533
    0.2591
    0.2509
    0.2514
    0.2579
    0.2583
    0.2593
    0.2668
    0.2594
    0.2566
    0.2584
    0.2499
    0.2535
    0.2526
    0.2592
    0.2541
    0.2603
    0.2629
    0.2625
    0.2531
    0.2490
    0.2561
    0.2508
    0.2560
    0.2493
    0.2635
    0.2674
    0.2626
    0.2528
    0.2549
    0.2581
    0.2504
    0.2532
    0.2572
    0.2660
    0.2679
    0.2489
    0.2515
    0.2513
    0.2522
    0.2547
    0.2531
    0.2607
    0.2702
    0.2600
    0.2489
    0.2530
    0.2500
    0.2506
    0.2586
    0.2651
    0.2615
    0.2608
    0.2615
    0.2581
    0.2549
    0.2542
    0.2515
    0.2577
    0.2535
    0.2588
    0.2629
    0.2760
    0.2529
    0.2535
    0.2560
    0.2472
    0.2544
    0.2657
    0.2725
    0.2572
    0.2591
    0.2537
