    0.7928
    0.6131
    0.5753
    0.5491
    0.5247
    0.4953
    0.4772
    0.4647
    0.4686
    0.4436
    0.4352
    0.4280
    0.4238
    0.4204
    0.4120
    0.4137
    0.4098
    0.4079
    0.4077
    0.3971
    0.3888
    0.3838
    0.3846
    0.3860
    0.3808
    0.3782
    0.3716
    0.3714
    0.3702
    0.3708
    0.3690
    0.3649
    0.3638
    0.3609
    0.3638
    0.3587
    0.3603
    0.3553
    0.3549
    0.3573
    0.3555
    0.3530
    0.3542
    0.3508
    0.3453
    0.3493
    0.3446
    0.3437
    0.3463
    0.3475
    0.3385
    0.3382
    0.3368
    0.3413
    0.3452
    0.3399
    0.3323
    0.3363
    0.3349
    0.3335
    0.3321
    0.3330
    0.3324
    0.3304
    0.3290
    0.3305
    0.3278
    0.3286
    0.3296
    0.3275
    0.3302
    0.3303
    0.3269
    0.3252
    0.3250
    0.3242
    0.3240
    0.3249
    0.3220
    0.3198
    0.3302
    0.3227
    0.3241
    0.3191
    0.3257
    0.3210
    0.3205
    0.3186
    0.3181
    0.3334
    0.3162
    0.3170
    0.3247
    0.3308
    0.3172
    0.3135
    0.3161
    0.3178
    0.3124
    0.3178
    0.3147
    0.3141
    0.3153
    0.3136
    0.3132
    0.3106
    0.3087
    0.3137
    0.3080
    0.3149
    0.3090
    0.3073
    0.3103
    0.3081
    0.3088
    0.3094
    0.3107
    0.3076
    0.3110
    0.3079
    0.3108
    0.3093
    0.3081
    0.3059
    0.3086
    0.3061
    0.3054
    0.3051
    0.3056
    0.3178
    0.3044
    0.3065
    0.3068
    0.3073
    0.3048
    0.3066
    0.3035
    0.3020
    0.3025
    0.3008
    0.3031
    0.3022
    0.3042
    0.3014
    0.3062
    0.3020
    0.3060
    0.3020
    0.3015
    0.3022
    0.3005
    0.3002
    0.2990
    0.2987
    0.3005
    0.3006
    0.3029
    0.3020
    0.3035
    0.2993
    0.3002
    0.2975
    0.3007
    0.2996
    0.3007
    0.3041
    0.2976
    0.2978
    0.2967
    0.2966
    0.2975
    0.2960
    0.3014
    0.2954
    0.3004
    0.2961
    0.2955
    0.2947
    0.2964
    0.2991
    0.3008
    0.2950
    0.2936
    0.2941
    0.2969
    0.2948
    0.2950
    0.3030
    0.2945
    0.2943
    0.2985
    0.2982
    0.2956
    0.2974
    0.2942
    0.2950
    0.2956
    0.2933
    0.2943
    0.2924
    0.2936
    0.2988
    0.2959
    0.2972
    0.2919
    0.2965
    0.2931
    0.3008
    0.2948
    0.2972
    0.2943
    0.2909
    0.3054
    0.2907
    0.2906
    0.2915
    0.2949
    0.2939
    0.2914
    0.2919
    0.2904
    0.2902
    0.2918
    0.2899
    0.2910
    0.2893
    0.2882
    0.2896
    0.2945
    0.2900
    0.2893
    0.2893
    0.2890
    0.2936
    0.2898
    0.2979
    0.2902
    0.2905
    0.2911
    0.2898
    0.2893
    0.2896
    0.2897
    0.2886
    0.2887
    0.2912
    0.2883
    0.2881
    0.2893
    0.2877
    0.2926
    0.2870
    0.2860
    0.2883
    0.2904
    0.2867
    0.2862
    0.2867
    0.2911
    0.2966
    0.2885
    0.2892
    0.2874
    0.2877
    0.2872
    0.2866
    0.2866
    0.2866
    0.2841
    0.2855
    0.2872
    0.2861
    0.2850
    0.2860
    0.2844
    0.2882
    0.2843
    0.2858
    0.2848
    0.2863
    0.2849
    0.2845
    0.2923
    0.2897
    0.2861
    0.2876
    0.2856
    0.2860
    0.2840
    0.2835
    0.2837
    0.2848
    0.2865
    0.2833
    0.2881
    0.2846
    0.2834
    0.2878
    0.2912
    0.2888
    0.2837
    0.2857
    0.2856
    0.2862
    0.2863
    0.2848
    0.2855
    0.2888
    0.2853
    0.2834
    0.2916
    0.2962
    0.3022
    0.2844
    0.2849
    0.2829
    0.2860
    0.2827
    0.2815
    0.2831
    0.2868
    0.2822
    0.2857
    0.2843
    0.2844
    0.2844
    0.2892
    0.2838
    0.2825
    0.2850
    0.2889
    0.2824
    0.2851
    0.2823
    0.2835
    0.2810
    0.2826
    0.2819
    0.2819
    0.2807
    0.2871
    0.2850
    0.2825
    0.2816
    0.2839
    0.2864
    0.2889
    0.2825
    0.2854
    0.2837
    0.2870
    0.2818
    0.2815
    0.2824
    0.2801
    0.2793
    0.2797
    0.2838
    0.2859
    0.2846
    0.2800
    0.2903
    0.2791
    0.2780
    0.2835
    0.2831
    0.2813
    0.2817
    0.2781
    0.2775
    0.2775
    0.2818
    0.2819
    0.2775
    0.2798
    0.2772
    0.2787
    0.2781
    0.2786
    0.2788
    0.2792
    0.2814
    0.2808
    0.2782
    0.2804
    0.2788
    0.2894
    0.2791
    0.2801
    0.2783
    0.2776
    0.2765
    0.2813
    0.2797
    0.2798
    0.2897
    0.2775
    0.2778
    0.2780
    0.2771
    0.2795
    0.2806
    0.2785
    0.2768
    0.2815
    0.2785
    0.2774
    0.2789
    0.2802
    0.2800
    0.2792
    0.2805
    0.2798
    0.2770
    0.2772
    0.2811
    0.2786
    0.2766
    0.2755
    0.2753
    0.2769
    0.2750
    0.2762
    0.2804
    0.2847
    0.2765
    0.2766
    0.2767
    0.2763
    0.2761
    0.2776
    0.2818
    0.2778
    0.2753
    0.2792
    0.2763
    0.2779
    0.2844
    0.2786
    0.2764
    0.2779
    0.2776
    0.2753
    0.2775
    0.2842
    0.2833
    0.2783
    0.2793
    0.2781
    0.2764
    0.2787
    0.2862
    0.2761
    0.2751
    0.2763
    0.2767
    0.2765
    0.2758
    0.2753
    0.2741
    0.2762
    0.2764
    0.2753
    0.2758
    0.2764
    0.2790
    0.2741
    0.2769
    0.2750
    0.2732
    0.2745
    0.2745
    0.2743
    0.2773
    0.2734
    0.2730
    0.2743
    0.2748
    0.2759
    0.2741
    0.2815
    0.2768
    0.2755
    0.2744
    0.2752
    0.2747
    0.2785
    0.2768
    0.2747
    0.2736
    0.2745
    0.2740
    0.2751
    0.2722
    0.2764
    0.2728
    0.2782
    0.2767
    0.2738
    0.2730
    0.2729
    0.2754
    0.2732
    0.2736
    0.2729
    0.2803
    0.2851
    0.2717
    0.2738
    0.2719
    0.2732
    0.2749
    0.2743
    0.2741
    0.2738
    0.2737
    0.2729
    0.2740
    0.2732
    0.2756
    0.2754
    0.2712
    0.2719
    0.2712
    0.2800
    0.2744
    0.2714
    0.2739
    0.2743
    0.2716
    0.2783
    0.2738
    0.2760
    0.2787
    0.2761
    0.2754
    0.2733
    0.2729
    0.2728
    0.2745
    0.2732
    0.2767
    0.2730
    0.2723
    0.2719
    0.2728
    0.2705
    0.2713
    0.2721
    0.2710
    0.2741
    0.2713
    0.2720
    0.2755
    0.2697
    0.2704
    0.2701
    0.2727
    0.2762
    0.2715
    0.2707
    0.2709
    0.2709
    0.2716
    0.2708
    0.2698
    0.2713
    0.2715
    0.2734
    0.2731
    0.2701
    0.2710
    0.2705
    0.2716
    0.2721
    0.2747
    0.2719
    0.2705
    0.2751
    0.2726
    0.2714
    0.2723
    0.2748
    0.2710
    0.2713
    0.2773
    0.2722
    0.2710
    0.2699
    0.2706
    0.2699
    0.2732
    0.2769
    0.2699
    0.2693
    0.2788
    0.2711
    0.2714
    0.2698
    0.2765
    0.2739
    0.2708
    0.2717
    0.2695
    0.2690
    0.2688
    0.2687
    0.2699
    0.2727
    0.2722
    0.2710
    0.2706
    0.2694
    0.2711
    0.2725
    0.2684
    0.2675
    0.2702
    0.2703
    0.2697
    0.2758
    0.2738
    0.2713
    0.2707
    0.2689
    0.2691
    0.2708
    0.2738
    0.2704
    0.2703
    0.2679
    0.2679
    0.2686
    0.2709
    0.2690
    0.2689
    0.2709
    0.2745
    0.2698
    0.2695
    0.2675
    0.2693
    0.2672
    0.2693
    0.2697
    0.2688
    0.2682
    0.2723
    0.2803
    0.2690
    0.2672
    0.2679
    0.2675
    0.2697
    0.2722
    0.2700
    0.2680
    0.2688
    0.2683
    0.2681
    0.2730
    0.2716
    0.2679
    0.2691
    0.2700
    0.2751
    0.2800
    0.2687
    0.2721
    0.2731
    0.2670
    0.2676
    0.2673
    0.2668
    0.2720
    0.2677
    0.2673
    0.2672
    0.2666
    0.2685
    0.2673
    0.2685
    0.2685
    0.2665
    0.2671
    0.2708
    0.2689
    0.2680
    0.2662
    0.2681
    0.2733
    0.2735
    0.2672
    0.2683
    0.2689
    0.2694
    0.2733
    0.2677
    0.2686
    0.2667
    0.2685
    0.2695
    0.2690
    0.2674
    0.2682
    0.2738
    0.2692
    0.2693
    0.2683
    0.2716
    0.2713
    0.2688
    0.2666
    0.2677
    0.2681
    0.2665
    0.2664
    0.2674
    0.2650
    0.2697
    0.2693
    0.2657
    0.2660
    0.2657
    0.2674
    0.2669
    0.2660
    0.2660
    0.2720
    0.2687
    0.2662
    0.2689
    0.2662
    0.2666
    0.2675
    0.2713
    0.2693
    0.2684
    0.2653
    0.2698
    0.2697
    0.2658
    0.2679
    0.2671
    0.2669
    0.2659
    0.2657
    0.2652
    0.2652
    0.2654
    0.2670
    0.2641
    0.2674
    0.2648
    0.2667
    0.2663
    0.2664
    0.2674
    0.2644
    0.2683
    0.2672
    0.2636
    0.2639
    0.2668
    0.2650
    0.2671
    0.2649
    0.2654
    0.2659
    0.2639
    0.2661
    0.2662
    0.2664
    0.2665
    0.2657
    0.2645
    0.2647
    0.2683
    0.2651
    0.2677
    0.2664
    0.2636
    0.2687
    0.2656
    0.2656
    0.2649
    0.2668
    0.2688
    0.2645
    0.2657
    0.2637
    0.2672
    0.2666
    0.2645
    0.2652
    0.2652
    0.2668
    0.2675
    0.2686
    0.2631
    0.2629
    0.2678
    0.2639
    0.2702
    0.2688
    0.2664
    0.2643
    0.2642
    0.2645
    0.2663
    0.2635
    0.2653
    0.2641
    0.2628
    0.2645
    0.2685
    0.2660
    0.2740
    0.2672
    0.2631
    0.2633
    0.2711
    0.2627
    0.2651
    0.2642
    0.2631
    0.2643
    0.2624
    0.2621
    0.2680
    0.2634
    0.2664
    0.2648
    0.2640
    0.2658
    0.2649
    0.2639
    0.2649
    0.2626
    0.2680
    0.2642
    0.2633
    0.2664
    0.2658
    0.2626
    0.2671
    0.2646
    0.2650
    0.2629
    0.2640
    0.2624
    0.2634
    0.2645
    0.2630
    0.2673
    0.2664
    0.2656
    0.2628
    0.2629
    0.2636
    0.2650
    0.2651
    0.2623
    0.2655
    0.2624
    0.2648
    0.2709
    0.2657
    0.2641
    0.2636
    0.2654
    0.2695
    0.2674
    0.2633
    0.2667
    0.2656
    0.2622
    0.2621
    0.2638
    0.2650
    0.2653
    0.2645
    0.2631
    0.2648
    0.2657
    0.2632
    0.2619
    0.2621
    0.2620
    0.2629
    0.2631
    0.2649
    0.2626
    0.2615
    0.2624
    0.2621
    0.2653
    0.2647
    0.2671
    0.2679
    0.2634
    0.2628
    0.2646
    0.2625
    0.2639
    0.2655
    0.2744
    0.2643
    0.2628
    0.2628
    0.2613
    0.2651
    0.2648
    0.2617
    0.2622
    0.2653
    0.2638
    0.2683
    0.2636
    0.2623
    0.2661
    0.2623
    0.2658
    0.2602
    0.2614
    0.2653
    0.2620
    0.2636
    0.2615
    0.2614
    0.2643
    0.2647
    0.2637
    0.2605
    0.2604
    0.2609
    0.2649
    0.2615
    0.2627
    0.2641
    0.2635
    0.2641
    0.2634
    0.2634
    0.2630
    0.2648
    0.2684
    0.2628
    0.2659
    0.2637
    0.2624
    0.2626
    0.2644
    0.2619
    0.2639
    0.2644
    0.2642
    0.2636
    0.2630
    0.2641
    0.2623
    0.2620
    0.2671
    0.2624
    0.2615
    0.2650
    0.2614
    0.2618
    0.2602
    0.2622
    0.2634
    0.2607
    0.2615
    0.2642
    0.2636
    0.2622
    0.2612
    0.2624
    0.2614
    0.2624
    0.2640
    0.2637
    0.2640
    0.2623
    0.2623
    0.2594
    0.2669
    0.2627
    0.2621
    0.2600
    0.2603
    0.2633
    0.2609
    0.2599
    0.2618
    0.2609
    0.2628
    0.2608
    0.2601
    0.2597
    0.2607
    0.2612
    0.2662
    0.2614
    0.2594
    0.2625
    0.2607
    0.2619
    0.2620
    0.2611
    0.2603
    0.2603
    0.2621
    0.2653
    0.2640
    0.2665
    0.2606
    0.2626
    0.2626
    0.2629
    0.2615
    0.2604
    0.2597
    0.2612
    0.2609
    0.2602
    0.2598
    0.2597
    0.2613
    0.2603
    0.2624
    0.2607
    0.2659
    0.2604
    0.2586
    0.2641
    0.2618
    0.2635
    0.2611
    0.2608
    0.2632
    0.2609
    0.2613
    0.2603
    0.2596
    0.2610
    0.2676
    0.2624
    0.2607
    0.2610
    0.2598
    0.2588
    0.2611
    0.2606
    0.2617
    0.2618
    0.2604
    0.2610
    0.2607
    0.2641
    0.2615
    0.2606
    0.2618
    0.2606
    0.2602
    0.2616
    0.2591
    0.2636
    0.2604
    0.2628
    0.2720
    0.2615
    0.2603
    0.2596
    0.2592
    0.2642
    0.2604
    0.2593
    0.2600
    0.2606
    0.2594
    0.2619
    0.2600
    0.2602
    0.2604
    0.2612
    0.2606
    0.2590
    0.2596
    0.2611
    0.2594
    0.2648
    0.2605
    0.2605
    0.2601
    0.2611
    0.2623
    0.2578
    0.2616
    0.2619
    0.2582
    0.2586
    0.2591
    0.2661
    0.2632
    0.2604
    0.2626
    0.2587
    0.2605
    0.2592
    0.2633
    0.2584
    0.2586
    0.2649
    0.2576
    0.2583
    0.2601
    0.2579
    0.2609
    0.2594
    0.2588
    0.2586
    0.2583
    0.2587
    0.2608
    0.2592
    0.2585
    0.2600
    0.2618
    0.2593
    0.2592
    0.2582
    0.2601
    0.2586
    0.2600
    0.2591
    0.2623
    0.2598
    0.2594
    0.2606
    0.2598
    0.2581
    0.2590
    0.2585
    0.2573
    0.2601
    0.2614
    0.2578
    0.2648
    0.2597
    0.2646
    0.2633
    0.2586
    0.2586
    0.2581
    0.2599
    0.2578
    0.2593
    0.2584
    0.2582
    0.2584
    0.2581
    0.2654
    0.2591
    0.2591
    0.2579
    0.2595
    0.2599
    0.2603
    0.2605
    0.2581
    0.2601
