    0.5832
    0.4811
    0.4274
    0.5020
    0.4690
    0.5254
    0.5137
    0.5863
    0.6385
    0.7092
    0.8084
    0.8189
    0.8968
    0.9388
    1.0059
    1.1696
    1.2349
    1.2837
    1.2736
    1.2933
    1.4268
    1.5021
    1.5744
    1.6351
    1.6811
    1.6498
    1.8175
    2.0336
    2.2185
    2.0771
    2.0822
    2.2419
    2.4472
    2.7111
    2.5768
    2.3494
    2.5839
    2.7362
    2.6817
    2.6499
    2.6951
    2.8078
    2.9735
    3.3596
    3.4330
    3.4189
    3.7039
    3.6373
    3.4266
    3.6102
    3.6428
    3.6877
    3.8257
    3.7694
    3.7515
    4.3416
    3.7934
    3.9896
    3.8548
    4.1347
    4.2684
    4.3981
    4.4790
    4.6867
    4.6121
    4.6928
    4.7816
    4.9665
    5.1347
    4.7852
    4.9374
    5.0948
    4.7904
    4.8857
    5.0809
    5.1127
    5.0424
    4.9868
    5.0752
    5.4817
    5.4860
    5.5278
    5.3759
    5.9804
    5.8392
    5.6929
    5.9340
    5.8161
    5.6383
    5.8409
    6.0243
    5.9681
    6.4646
    6.3719
    6.1500
    6.6522
    6.7926
    6.8812
    6.7121
    6.3273
    6.3779
    6.0709
    6.7349
    6.6912
    7.0695
    7.1475
    7.2177
    6.9277
    7.8884
    6.8372
    7.7463
    7.0365
    7.1494
    7.2478
    7.1503
    7.4135
    7.6301
    8.1790
    8.0220
    8.1773
    8.0471
    7.8894
    7.8957
    8.1333
    8.9883
    8.2533
    8.5205
    8.9490
    8.9252
    8.0783
    8.2322
    8.6934
    8.4600
    9.1222
    8.9216
    8.3921
    8.3869
    9.3884
    9.5256
   10.0212
    9.5300
    9.7732
    9.3693
    9.2117
    9.1620
    9.0469
    9.5462
   10.0678
   10.0292
    9.6929
   10.6790
    9.5695
    9.7573
    9.7682
    9.6039
   10.0397
    9.7180
    9.5440
    9.7273
    9.7041
   10.1102
   11.0791
   10.3675
    9.7755
    9.8821
    9.2701
    9.5766
    9.9697
   11.2661
   11.4238
   10.7946
   10.4694
   10.5773
   10.2751
   10.5648
   10.8161
   11.1730
   10.9452
   11.7590
   11.5637
   10.6164
   10.8188
   10.9807
   11.3940
   11.2874
   11.7088
   11.8527
   11.1777
   11.5298
   11.2520
   11.8887
   12.6590
   12.7599
   12.4545
   12.3549
   12.3134
   12.4479
   13.0828
   13.6721
   13.2270
   12.0746
   13.5556
   13.3780
   13.8878
   13.2372
   13.5305
   12.6611
   13.0195
   12.5723
   14.3103
   12.8440
   12.5003
   13.9746
   12.5605
   13.7688
   13.6329
   14.3944
   14.6375
   14.0631
   13.9028
   15.1544
   13.9510
   14.4067
   13.3835
   14.4052
   14.3602
   15.4634
   15.3118
   14.6405
   14.9395
   15.0507
   15.0223
   15.0679
   15.2223
   15.5480
   16.3380
   15.2532
   15.3995
   16.2882
   17.2947
   16.9938
   16.2271
   16.2608
   17.3493
   17.9408
   18.0266
   17.2134
   17.0325
   16.7024
   16.5072
   16.9755
   16.8540
   15.7069
   15.4597
   15.3206
   15.2193
   15.4554
   16.3818
   16.6685
   17.4281
   16.8636
   16.3935
   15.9235
   16.5134
   15.6040
   16.2805
   16.4336
   17.8161
   17.8041
   18.1982
   17.0469
   17.9698
   18.6893
   17.9242
   18.2061
   18.4316
   18.0353
   17.9983
   18.9832
   18.1422
   18.1455
   19.0799
   17.1607
   16.5857
   16.5972
   17.5687
   17.0188
   17.4521
   18.7306
   19.2437
   20.2841
   19.2559
   18.7599
   17.8624
   18.4557
   17.0249
   17.9215
   18.6279
   18.2594
   18.2326
   18.3258
   18.3686
   17.5697
   17.6489
   16.3751
   17.3367
   17.7939
   18.6986
   19.5896
   17.9613
   18.6671
   18.8728
   17.6290
   18.9869
   17.7289
   17.8475
   18.9017
   18.9861
   18.8351
   19.5716
   20.1290
   20.7478
   20.5962
   20.7710
   20.0454
   19.7745
   20.1458
   20.9496
   21.4035
   20.9078
   21.2677
   20.8107
   20.7250
   20.3080
   23.1018
   23.2298
   21.0117
   21.8488
   19.7097
   19.5015
   19.1821
   20.2775
   19.6340
   19.4224
   20.9305
   22.0324
   23.0760
   22.5100
   21.4312
   21.2694
   20.3119
   21.7018
   20.0708
   21.1659
   22.1418
   21.5649
   21.5824
   20.7489
   21.3361
   20.8806
   21.6371
   21.5919
   22.4088
   23.1092
   22.0333
   21.3845
   20.8686
   21.0640
   21.7600
   21.8342
   22.1774
   22.8937
   23.9291
   21.8466
   21.0978
   23.5809
   22.9606
   23.0000
   23.5807
   23.4296
   24.6579
   25.5394
   24.8447
   24.6752
   25.2812
   23.5233
   23.9422
   24.1939
   23.8880
   24.1136
   24.2425
   24.4101
   24.0987
   24.7483
   23.5358
   23.4325
   24.2434
   24.4014
   24.4027
   24.6893
   24.4317
   23.5032
   23.7731
   23.3262
   23.3174
   23.7023
   23.2722
   24.3068
   24.5647
   26.5587
   24.2153
   24.3446
   24.4445
   26.0217
   25.4935
   25.2681
   25.7966
   24.9988
   25.2074
   27.1129
   28.6954
   28.1198
   27.1393
   26.6749
   27.7942
   27.8772
   27.8315
   27.0353
   25.6316
   26.7420
   26.1428
   25.0976
   25.7224
   25.2511
   24.5409
   25.6398
   26.0619
   26.1267
   26.8505
   27.7097
   25.6361
   25.4724
   24.4602
   24.8736
   26.4493
   27.4072
   27.6891
   26.4504
   25.1585
   27.0697
   27.3094
   27.1464
   27.2934
   27.4618
   27.3741
   26.0879
   26.3767
   27.1924
   27.2078
   27.7532
   28.2062
   29.0072
   29.9672
   29.9299
   30.0173
   30.5177
   30.2245
   29.0655
   30.1191
   30.8696
   32.1888
   31.8486
   29.1745
   29.7525
   27.1020
   26.9328
   29.3803
   27.4698
   29.7022
   30.2318
   28.1075
   28.5270
   30.6087
   31.4866
   31.3246
   32.3394
   34.0199
   32.3508
   31.8574
   33.8273
   34.5020
   31.8180
   31.7476
   35.7933
   33.4297
   32.1312
   34.4792
   34.7528
   33.4285
   30.7045
   31.2663
   32.6448
   33.5056
   32.4325
   31.2771
   31.7629
   35.3774
   37.3703
   36.7592
   33.9847
   32.3712
   33.0266
   33.0337
   32.5463
   33.5753
   34.6640
   36.2286
   36.5088
   34.1174
   32.7693
   34.1784
   35.4061
   33.2668
   34.2031
   33.5763
   32.9028
   34.5472
   35.3849
   37.1122
   35.4943
   36.8984
   36.5913
   35.1061
   34.7465
   34.4109
   33.9219
   35.2859
   35.5864
   36.6587
   37.8374
   37.3471
   37.8473
   36.8480
   35.5460
   35.7816
   34.8314
   35.3673
   35.8886
   37.0805
   37.8401
   35.1322
   34.8510
   33.7352
   33.5668
   32.2153
   32.8865
   32.6985
   32.1245
   31.4592
   31.7911
   33.4693
   35.0251
   37.1836
   37.5794
   36.9664
   35.9889
   35.9375
   35.9633
   38.3217
   37.7119
   36.1133
   36.4370
   35.2745
   35.1180
   36.0269
   36.6820
   39.3369
   40.2952
   37.5125
   39.2129
   37.2091
   38.6170
   40.6598
   39.5616
   37.7862
   39.5573
   38.5860
   37.5923
   38.0530
   35.5153
   35.2347
   34.9874
   37.0968
   40.5601
   39.1252
   38.9132
   41.1259
   42.4574
   42.5054
   41.9826
   41.9634
   39.8712
   37.1445
   36.7297
   36.7091
   37.4728
   36.6557
   38.4734
   40.6191
   38.6054
   36.6422
   37.8552
   37.8270
   37.0774
   37.4279
   38.3128
   40.0088
   41.3632
   41.3211
   41.2808
   40.3533
   39.5162
   39.2512
   38.6185
   38.6677
   38.9790
   39.6519
   40.9836
   40.9113
   39.8159
   38.8999
   36.9238
   35.5229
   38.1180
   41.6405
   41.8190
   41.5975
   41.9115
   41.9922
   39.7596
   38.9367
   39.3209
   39.7820
   38.2176
   38.3016
   41.1640
   42.1389
   41.3675
   40.7082
   40.8705
   41.6977
   41.8212
   42.7109
   42.8467
   43.1897
   42.8311
   41.8274
   40.9402
   41.1522
   39.2177
   37.0016
   36.4178
   37.2887
   38.1475
   37.1554
   35.5274
   36.2570
   37.9673
   38.6643
   40.4387
   41.2193
   42.6841
   41.8324
   39.9041
   41.8512
   42.3770
   41.6798
   41.9458
   42.9084
   43.0297
   41.0791
   42.3695
   38.7828
   40.9235
   40.0904
   38.2849
   39.0415
   37.6123
   38.2248
   41.1016
   41.4191
   43.7673
   44.4732
   41.1960
   41.3219
   42.5177
   39.8231
   40.9828
   43.1905
   39.7714
   38.3339
   37.3969
   37.8163
   39.1273
   38.8537
   38.2174
   37.3895
   39.1851
   41.0187
   41.8893
   41.8161
   41.3057
   40.4448
   39.5900
   38.6409
   39.4816
   38.4253
   39.7455
   40.2862
   39.3342
   37.6475
   36.6608
   37.5735
   37.2933
   38.0255
   38.2119
   38.9149
   38.8590
   40.4394
   41.9495
   41.7625
   41.9836
   41.5084
   41.5940
   42.6245
   43.2311
   43.9382
   43.8971
   40.9665
   41.0279
   40.2505
   39.4533
   40.7773
   40.7781
   39.9260
   40.5005
   41.7809
   39.1186
   39.3076
   41.3592
   41.0368
   43.8073
   40.7534
   40.9119
   40.8934
   38.4860
   38.4822
   40.2675
   39.8480
   39.2437
   39.9220
   39.7015
   40.5492
   40.4933
   39.4340
   40.6640
   41.7283
   43.7808
   42.8892
   40.2337
   39.9331
   40.8635
   39.7985
   38.6934
   37.3101
   40.6268
   45.9567
   44.6162
   44.5955
   46.3716
   44.6320
   44.9482
   45.4227
   41.3610
   40.8972
   43.3343
   42.5163
   39.5791
   39.7930
   40.0336
   40.9345
   42.3976
   42.3975
   40.5627
   45.3323
   45.4546
   43.7685
   46.8493
   44.7307
   42.5101
   43.2656
   42.8141
   41.6565
   41.3599
   38.8250
   39.5471
   39.4872
   39.2163
   39.1957
   39.2856
   40.4049
   41.4388
   42.1941
   41.7499
   42.1297
   43.0778
   43.1868
   43.5111
   41.1193
   43.4189
   45.2461
   42.1326
   44.6343
   46.0568
   43.0935
   42.7121
   43.9364
   41.4371
   40.0764
   41.4433
   40.1301
   39.6743
   41.2388
   42.8707
   41.1731
   40.8814
   42.2703
   42.5306
   42.1893
   41.8206
   39.6685
   41.0498
   40.9567
   41.1281
   41.8166
   43.5951
   42.9587
   43.3666
   46.1784
   44.4193
   43.4656
   43.5723
   43.4399
   45.6638
   46.6605
   45.6839
   45.2080
   45.1887
   42.9325
   41.8794
   42.4651
   42.4303
   41.3681
   41.5862
   44.2188
   43.0156
   42.1387
   42.1558
   42.5790
   44.4858
   44.7821
   43.9999
   44.2838
   47.1470
   45.5702
   45.0062
   46.7445
   49.5313
   49.6951
   46.2245
   45.5840
   45.0967
   43.3569
   44.9640
   45.2896
   43.4000
   43.9168
   45.8554
   45.2397
   45.1311
   46.1527
   44.9358
   44.6873
   45.2417
   45.8207
   45.7843
   46.7140
   47.2791
   44.9739
   44.0067
   44.5183
   43.4200
   42.9672
   43.7391
   44.3940
   45.5383
   46.0957
   47.1560
   49.2757
   48.1234
   49.1244
   50.3570
   47.8036
   46.8931
   46.8614
   46.4348
   45.7056
   44.9647
   47.3449
   49.3031
   50.3946
   50.2214
   50.4030
   51.0080
   50.0650
   50.6929
   51.4438
   49.7681
   47.5282
   45.3240
   44.8407
   46.7968
   46.0683
   45.7994
   45.4885
   45.3440
   44.1199
   42.6174
   43.9909
   46.2279
   46.7648
   47.5861
   50.4005
   52.4786
   51.9272
   51.2245
   50.1788
   48.9342
   48.2934
   47.2867
   47.6566
   47.3518
   47.4274
   50.5304
   51.5950
   51.0917
   51.5817
   50.0877
   46.9570
   46.0435
   47.0623
   48.5364
   48.3862
   49.9675
   53.6975
   51.6230
   50.2956
   52.5092
   52.3233
   50.5638
   49.4623
   49.5268
   51.1721
   48.8845
   49.0000
   52.5785
   55.3206
   56.1776
   55.0752
   54.1048
   55.3226
   53.3397
   53.3433
   54.8689
   52.9860
   50.3086
   49.2853
   46.8979
   44.5197
   45.3586
   49.3426
   51.3604
   51.3243
   53.1259
   53.1779
   51.3174
   50.4415
   49.2154
   48.6164
   49.0201
   49.6556
   49.8997
   50.5332
   49.7341
   49.7900
   52.8552
   51.8318
   51.6891
   54.9883
   53.6128
   52.3515
   54.0307
   52.0347
   47.1035
   46.6720
   48.8867
   49.5658
   48.3900
   47.5341
   48.7943
   51.4647
   53.2350
   54.3306
   56.0239
   56.5696
   57.7421
   56.0577
   55.0143
   53.0225
   54.2057
   54.8663
   51.3040
   48.9154
   51.0729
   53.4399
   54.1359
   56.4181
   57.2839
   54.6559
   53.3487
   53.2426
   54.1399
   56.2026
   56.8349
   55.6745
   53.4370
   53.0890
   55.2880
   56.1884
   54.7174
   53.0565
   51.8773
   51.7150
   52.0531
   50.7840
   49.3521
   49.9217
   49.4564
   51.3619
   50.9485
   47.6769
   49.3148
   52.2432
   53.9707
   53.2050
   52.5925
   54.6654
   55.6347
   54.8620
   55.2370
   55.2968
   56.1118
   57.4310
   55.3579
   54.6718
   55.5169
   56.3854
   57.6244
   60.5688
   55.8895
   53.7695
   54.8279
   50.6282
   48.4037
   48.2792
   45.8844
   46.9151
   48.3567
   47.9690
   49.8640
   53.5204
   53.7293
   54.2374
   57.4892
   56.2857
   52.3018
   52.9098
   54.3255
   51.1089
   51.0854
   50.8781
   50.4980
   53.4828
   53.9740
   53.0808
   55.0548
   54.0439
   51.9082
   52.5291
   55.6601
   56.3314
   56.1845
   57.7329
   57.6654
   55.2403
   56.6154
   59.1358
   55.3437
   55.8533
   56.0891
   55.4721
   53.2284
   51.0628
   53.4428
   55.8184
   51.9297
   49.8057
   58.1083
   59.5209
   53.9870
   56.7430
   60.9271
   61.6814
   59.4178
   56.1829
   59.3269
   61.6400
   59.4230
   54.0712
   50.9511
   53.9122
   55.0371
   49.9208
   53.2355
   59.6101
   61.4944
   57.5171
   54.8875
   58.5472
   55.9394
   52.5025
   53.6248
   55.1428
   53.4790
   50.6771
   51.8204
   53.6887
   55.3654
   56.1704
   53.7668
   56.0132
   60.3216
   57.9863
   57.9062
   60.7878
   59.3404
   56.5841
   59.3111
   58.5910
   56.1201
   56.9005
   60.4394
