    0.7152
    0.6978
    0.6445
    0.6239
    0.6290
    0.5768
    0.5556
    0.4899
    0.5186
    0.5090
    0.4584
    0.4937
    0.4848
    0.5245
    0.5084
    0.4661
    0.4595
    0.4817
    0.4798
    0.4533
    0.5029
    0.4820
    0.5117
    0.4254
    0.4581
    0.4485
    0.5173
    0.5015
    0.4646
    0.4533
    0.4476
    0.5391
    0.4526
    0.4198
    0.4619
    0.5449
    0.4613
    0.4400
    0.4421
    0.4508
    0.4973
    0.4283
    0.4542
    0.4561
    0.4504
    0.4663
    0.5176
    0.4758
    0.4663
    0.4640
    0.4393
    0.4651
    0.4856
    0.4767
    0.4116
    0.4281
    0.4940
    0.4722
    0.4289
    0.4441
    0.5321
    0.4749
    0.4824
    0.4265
    0.4692
    0.4462
    0.4398
    0.4588
    0.4605
    0.4720
    0.4339
    0.4343
    0.4322
    0.4809
    0.4542
    0.4443
    0.4464
    0.4851
    0.4440
    0.4398
    0.4383
    0.4890
    0.4627
    0.4454
    0.4031
    0.4767
    0.4454
    0.4349
    0.4863
    0.4444
    0.4242
    0.4769
    0.4586
    0.3942
    0.4089
    0.4483
    0.4327
    0.4202
    0.4585
    0.4048
    0.4300
    0.4352
    0.4693
    0.4944
    0.4441
    0.4335
    0.4043
    0.4225
    0.4177
    0.4240
    0.4378
    0.4100
    0.4354
    0.4124
    0.4974
    0.4197
    0.4746
    0.4131
    0.4478
    0.4670
    0.4564
    0.4662
    0.4566
    0.4922
    0.5129
    0.4075
    0.4292
    0.4325
    0.4984
    0.4207
    0.5613
    0.4422
    0.4815
    0.5364
    0.4663
    0.4520
    0.4517
    0.4494
    0.4184
    0.4209
    0.4181
    0.4531
    0.4564
    0.4061
    0.4127
    0.4109
    0.4175
    0.4697
    0.4180
    0.4271
    0.4253
    0.4605
    0.4894
    0.4136
    0.4433
    0.4481
    0.4322
    0.4249
    0.4154
    0.4460
    0.4441
    0.4384
    0.4449
    0.4363
    0.4632
    0.4082
    0.4868
    0.4395
    0.4601
    0.3961
    0.4390
    0.3950
    0.4232
    0.4368
    0.4841
    0.4561
    0.4169
    0.4871
    0.4151
    0.4337
    0.4461
    0.4018
    0.4663
    0.4015
    0.4212
    0.4040
    0.4227
    0.3841
    0.4197
    0.4248
    0.4565
    0.4335
    0.4269
    0.4210
    0.4232
    0.4009
    0.3862
    0.4251
    0.4134
    0.4312
    0.4093
    0.4136
    0.4497
    0.4082
    0.4233
    0.4207
    0.4320
    0.4047
    0.4398
    0.4481
    0.5216
    0.4187
    0.4291
    0.4235
    0.4673
    0.4000
    0.4129
    0.4835
    0.3895
    0.3928
    0.3859
    0.4368
    0.4551
    0.4552
    0.4099
    0.4238
    0.4121
    0.4204
    0.5085
    0.3944
    0.4484
    0.4105
    0.4119
    0.4311
    0.4168
    0.4396
    0.4157
    0.4045
    0.4140
    0.4747
    0.4182
    0.4144
    0.4137
    0.4574
    0.4100
    0.4052
    0.4112
    0.4641
    0.4038
    0.5518
    0.4357
    0.4387
    0.4340
    0.4340
    0.4045
    0.4404
    0.4152
    0.4326
    0.4097
    0.3993
    0.4845
    0.4651
    0.4076
    0.3996
    0.4649
    0.4506
    0.3889
    0.4177
    0.3872
    0.4119
    0.4065
    0.4260
    0.4319
    0.4776
    0.4205
    0.4704
    0.4041
    0.4427
    0.4310
    0.4600
    0.4301
    0.4392
    0.4763
    0.4490
    0.4344
    0.4359
    0.4416
    0.4601
    0.4027
    0.4476
    0.4311
    0.5248
    0.4923
    0.4717
    0.4895
    0.4187
    0.4269
    0.4272
    0.4432
    0.4112
    0.4621
    0.4068
    0.4328
    0.4216
    0.3806
    0.4196
    0.4193
    0.3935
    0.4081
    0.4379
    0.4353
    0.4364
    0.4334
    0.4819
    0.4106
    0.4240
    0.4303
    0.4370
    0.3814
    0.4610
    0.3992
    0.4070
    0.4052
    0.4146
    0.4228
    0.4028
    0.4036
    0.4183
    0.4816
    0.4873
    0.4615
    0.4593
    0.5182
    0.4170
    0.4022
    0.4664
    0.5408
    0.4587
    0.4255
    0.4917
    0.4506
    0.4024
    0.4358
    0.4556
    0.4232
    0.4056
    0.4492
    0.4058
    0.4051
    0.3953
    0.4448
    0.4407
    0.4356
    0.4314
    0.4071
    0.5119
    0.4259
    0.4823
    0.4345
    0.4612
    0.5194
    0.4203
    0.4348
    0.4785
    0.4455
    0.4216
    0.4626
    0.4244
    0.4451
    0.3924
    0.4042
    0.4659
    0.4611
    0.4192
    0.4659
    0.4313
    0.4486
    0.4403
    0.4326
    0.4653
    0.4373
    0.4109
    0.4091
    0.4050
    0.4457
    0.4479
    0.4343
    0.4913
    0.4937
    0.4572
    0.4804
    0.4164
    0.4499
    0.4296
    0.4430
    0.4504
    0.4338
    0.3968
    0.4286
    0.3868
    0.3941
    0.4552
    0.4342
    0.4230
    0.4828
    0.3971
    0.4257
    0.4185
    0.4166
    0.4497
    0.4323
    0.4176
    0.4050
    0.4090
    0.4418
    0.3894
    0.4496
    0.5639
    0.4771
    0.4867
    0.4131
    0.4305
    0.4004
    0.4199
    0.4479
    0.4603
    0.4704
    0.5242
    0.4429
    0.4409
    0.4474
    0.4389
    0.4357
    0.4600
    0.4201
    0.4695
    0.4775
    0.4082
    0.4178
    0.4651
    0.4438
    0.4663
    0.4197
    0.4325
    0.4287
    0.4362
    0.4254
    0.4055
    0.4374
    0.4599
    0.4672
    0.4253
    0.4757
    0.4136
    0.4215
    0.4452
    0.4551
    0.4552
    0.4229
    0.4108
    0.5077
    0.4303
    0.4132
    0.4255
    0.4429
    0.4387
    0.4460
    0.4198
    0.5030
    0.4152
    0.4501
    0.4273
    0.4096
    0.3929
    0.4178
    0.4014
    0.4420
    0.4324
    0.4373
    0.4563
    0.4125
    0.3993
    0.4941
    0.4291
    0.4443
    0.4288
    0.3967
    0.4160
    0.4525
    0.4289
    0.4191
    0.4220
    0.4292
    0.4375
    0.4382
    0.4318
    0.4402
    0.4375
    0.3995
    0.4117
    0.4572
    0.3819
    0.4614
    0.4744
    0.4186
    0.4375
    0.4272
    0.3965
    0.4165
    0.4147
    0.4343
    0.4247
    0.4306
    0.4524
    0.4720
    0.4563
    0.4516
    0.4161
    0.4190
    0.4560
    0.4544
    0.4229
    0.4139
    0.4557
    0.4743
    0.4737
    0.4558
    0.4110
    0.4376
    0.4212
    0.3995
    0.4168
    0.3960
    0.4057
    0.4370
    0.4273
    0.3887
    0.4081
    0.4570
    0.4739
    0.4074
    0.4275
    0.3980
    0.4310
    0.4433
    0.4323
    0.4306
    0.4154
    0.4376
    0.4955
    0.4336
    0.5279
    0.4597
    0.4171
    0.4282
    0.4152
    0.3980
    0.4257
    0.4460
    0.4083
    0.4209
    0.4575
    0.3999
    0.4011
    0.4944
    0.4255
    0.3909
    0.3880
    0.4076
    0.4153
    0.4017
    0.4019
    0.4783
    0.4376
    0.4687
    0.4189
    0.4286
    0.4313
    0.4240
    0.4161
    0.4218
    0.4030
    0.4284
    0.4163
    0.4353
    0.4987
    0.4165
    0.4070
    0.4650
    0.4094
    0.4429
    0.4471
    0.4636
    0.4079
    0.4922
    0.4032
    0.4477
    0.4526
    0.4069
    0.4511
    0.4186
    0.4755
    0.4205
    0.4500
    0.4666
    0.5004
    0.5289
    0.4324
    0.4254
    0.4184
    0.4264
    0.4353
    0.4122
    0.4375
    0.4648
    0.4728
    0.4309
    0.4358
    0.4303
    0.4353
    0.3727
    0.4203
    0.4133
    0.4333
    0.4481
    0.4678
    0.4227
    0.4347
    0.4367
    0.4149
    0.4251
    0.4543
    0.4499
    0.4387
    0.4411
    0.4289
    0.4180
    0.4899
    0.4193
    0.4560
    0.4084
    0.4368
    0.4279
    0.4267
    0.4759
    0.4069
    0.4294
    0.4867
    0.3887
    0.4253
    0.4313
    0.4681
    0.5482
    0.4278
    0.4534
    0.4330
    0.4309
    0.4719
    0.4380
    0.4181
    0.4171
    0.3992
    0.3937
    0.3797
    0.4250
    0.4194
    0.4652
    0.4453
    0.5108
    0.4638
    0.4164
    0.4441
    0.4301
    0.4626
    0.4398
    0.4601
    0.4725
    0.4437
    0.4256
    0.4301
    0.4600
    0.4734
    0.4536
    0.4171
    0.4393
    0.3903
    0.3870
    0.4060
    0.4202
    0.4844
    0.4101
    0.4078
    0.4320
    0.4050
    0.4941
    0.4025
    0.3988
    0.4242
    0.4401
    0.4264
    0.4272
    0.4264
    0.4536
    0.4224
    0.4007
    0.4342
    0.4141
    0.4361
    0.4297
    0.4231
    0.4188
    0.4644
    0.3873
    0.4471
    0.5185
    0.4312
    0.5161
    0.4427
    0.4626
    0.4107
    0.4031
    0.4296
    0.4134
    0.4478
    0.4968
    0.4425
    0.4299
    0.4354
    0.4427
    0.4672
    0.4345
    0.4314
    0.4090
    0.4580
    0.4261
    0.4569
    0.3933
    0.3774
    0.4398
    0.4245
    0.3976
    0.4023
    0.3891
    0.4258
    0.3939
    0.4003
    0.4296
    0.4388
    0.4292
    0.4583
    0.4400
    0.4397
    0.4350
    0.4304
    0.4151
    0.3970
    0.4845
    0.4092
    0.4367
    0.4242
    0.3920
    0.4319
    0.4329
    0.4176
    0.4379
    0.4454
    0.4172
    0.4380
    0.4295
    0.4467
    0.4095
    0.4216
    0.4260
    0.4126
    0.3865
    0.4679
    0.4001
    0.4475
    0.4037
    0.4068
    0.3910
    0.4441
    0.4296
    0.4327
    0.4173
    0.4380
    0.4549
    0.4621
    0.4422
    0.4150
    0.4536
    0.4731
    0.4273
    0.4589
    0.5188
    0.4696
    0.4433
    0.4458
    0.4185
    0.4312
    0.4195
    0.4182
    0.4108
    0.4141
    0.4136
    0.3945
    0.4916
    0.4191
    0.4171
    0.4841
    0.4088
    0.4209
    0.4189
    0.3832
    0.4237
    0.3918
    0.4138
    0.4541
    0.4134
    0.4046
    0.4049
    0.4456
    0.4207
    0.4091
    0.4008
    0.4266
    0.3977
    0.4459
    0.4493
    0.4881
    0.4286
    0.4352
    0.4323
    0.4320
    0.4183
    0.4279
    0.4851
    0.4992
    0.5248
    0.4414
    0.4499
    0.4403
    0.5099
    0.4180
    0.4530
    0.4626
    0.4159
    0.4106
    0.3889
    0.4250
    0.4533
    0.4180
    0.4320
    0.4046
    0.4088
    0.3978
    0.3822
    0.4022
    0.3979
    0.4112
    0.4319
    0.4179
    0.4266
    0.4212
    0.4481
    0.5179
    0.5072
    0.4477
    0.4006
    0.3935
    0.3893
    0.3800
    0.4111
    0.4571
    0.4169
    0.4743
    0.4274
    0.4059
    0.4273
    0.3995
    0.4844
    0.4373
    0.4045
    0.4677
    0.4332
    0.4288
    0.4456
    0.4169
    0.4680
    0.4733
    0.4528
    0.4308
    0.4865
    0.4257
    0.4556
    0.4412
    0.4234
    0.4077
    0.4017
    0.5107
    0.4201
    0.4252
    0.4371
    0.4197
    0.4416
    0.4459
    0.3965
    0.4486
    0.4356
    0.4216
    0.4062
    0.4464
    0.3833
    0.3930
    0.4262
    0.4253
    0.3956
    0.4075
    0.4314
    0.4276
    0.4169
    0.4883
    0.4455
    0.4617
    0.3963
    0.4179
    0.4226
    0.4101
    0.4649
    0.4177
    0.4390
    0.4392
    0.4207
    0.4270
    0.4322
    0.4102
    0.4223
    0.4573
    0.4182
    0.4545
    0.4121
    0.4239
    0.4448
    0.4011
    0.4252
    0.4050
    0.4208
    0.4359
    0.3970
    0.4102
    0.3991
    0.3988
    0.3884
    0.4290
    0.4576
    0.4719
    0.4419
    0.4536
    0.4433
    0.4518
    0.4391
    0.4377
    0.4236
    0.4801
    0.4335
    0.4199
    0.4145
    0.4410
    0.4849
    0.4637
    0.4363
    0.4118
    0.4040
    0.4031
    0.4025
    0.4622
    0.4308
    0.4456
    0.4475
    0.4767
    0.4670
    0.4031
    0.4951
    0.4195
    0.4629
    0.4433
    0.4212
    0.4430
    0.4432
    0.4279
    0.4091
    0.4084
    0.3914
    0.3839
    0.3878
    0.4043
    0.4229
    0.4148
    0.3996
    0.3910
    0.3935
    0.4287
    0.3896
    0.4222
    0.4184
    0.4163
    0.4393
    0.3909
    0.4240
    0.4940
    0.4120
    0.4187
    0.4576
    0.4183
    0.4564
    0.4235
    0.4204
    0.4181
    0.4078
    0.5246
    0.4796
    0.4128
    0.4651
    0.4158
    0.3966
    0.4665
    0.4141
    0.4186
    0.4017
    0.4247
    0.5007
    0.5163
    0.4007
    0.4413
    0.4204
    0.4325
    0.4124
    0.4825
    0.4116
    0.4066
    0.4297
    0.4213
    0.4125
    0.4459
    0.3918
    0.4244
    0.4016
    0.5298
    0.3977
    0.4464
    0.4255
    0.3950
    0.4155
    0.4096
    0.4319
    0.4145
    0.3915
    0.4084
    0.4074
    0.4221
    0.4484
    0.4406
    0.4144
    0.4412
    0.3813
    0.3980
    0.4201
    0.4347
    0.3997
    0.4292
    0.4277
    0.4518
    0.4243
    0.4584
    0.4265
    0.5310
    0.4153
    0.4214
    0.5147
    0.4633
    0.4224
    0.4199
    0.4208
    0.4584
    0.4561
    0.4573
    0.4147
    0.4566
    0.4212
    0.4254
    0.4362
    0.4206
    0.4039
    0.4439
    0.4397
    0.4211
    0.4155
    0.4242
    0.4200
    0.4241
    0.4438
    0.4538
    0.4273
    0.4144
    0.3994
    0.4377
    0.4322
    0.4038
    0.4576
    0.4019
    0.4472
    0.4247
    0.4254
    0.4069
    0.4295
    0.4343
    0.4515
    0.4403
    0.4008
    0.4281
    0.4301
    0.4707
    0.5426
    0.4562
    0.4377
    0.4010
    0.4135
    0.4123
    0.4411
    0.4100
    0.4261
    0.4199
    0.4413
    0.4598
    0.4156
    0.4143
    0.4336
    0.4605
    0.4674
    0.4458
    0.4257
    0.4401
    0.4214
    0.3864
    0.4693
    0.4360
    0.4091
    0.4238
    0.4224
    0.4137
    0.4203
    0.4289
    0.4479
    0.4627
    0.4533
    0.4838
    0.4378
    0.4614
    0.4911
    0.4424
    0.4663
    0.4508
    0.4571
    0.4084
    0.4330
    0.3947
    0.4236
    0.4194
    0.4435
    0.4164
    0.3891
    0.4004
